 0
6
3
14
22
23
26
19
16
14
21
23
20
23
32
20
19
6
24
10
14
0
-21
-25
-26
-28
-30
-31
-32
-33
-34
-36
-37
-38
-39
-40
-41
-42
-43
-44
-45
-48
-49
-50
-51
-52
-53
-54
-55
-56
-57
-58
-60
-61
-62
-63
-64
-65
-64
-65
-66
-65
-66
-67
-66
-67
-68
-69
-70
-72
-73
-74
-73
-74
-75
-76
-77
-78
-79
-78
-79
-80
-81
-80
-81
-82
-81
-82
-84
-85
-84
-85
-86
-87
-86
-87
-88
-89
-88
-89
-90
-89
-90
-89
-90
-91
-92
-91
-92
-93
-92
-93
-92
-93
-94
-93
-94
-96
-94
-96
-97
-98
-97
-98
-99
-98
-99
-106
-108
-106
-108
-106
-108
-106
-108
-106
-108
-106
-108
-106
-108
-106
-108
-106
-108
-106
-105
-106
-105
-106
-105
-106
-105
-106
-105
-106
-105
-106
-105
-106
-105
-106
-105
-106
-105
-106
-105
-106
-105
-106
-105
-106
-105
-106
-105
-106
-105
-106
-105
-106
-105
-106
-105
-106
-105
-106
-105
-106
-105
-106
-105
-106
-105
-106
-105
-106
-105
-106
-105
-106
-105
-106
-105
-106
-105
-106
-105
-106
-105
-106
-105
-106
-105
-106
-105
-106
-105
-106
-105
-106
-105
-106
-105
-106
-105
-106
-105
-106
-105
-106
-105
-106
-105
-106
-105
-106
-105
-106
-105
-106
-105
-106
-105
-106
-105
1
0
1
0
-1
0
-1
-2
-1
-2
-1
-2
-1
-2
-1
607
608
607
608
607
608
607
608
607
608
607
608
607
622
624
622
621
622
621
620
621
620
622
621
622
621
620
621
620
619
620
619
620
619
620
619
620
619
618
619
618
619
618
619
618
616
617
642
640
639
637
636
637
636
634
633
646
645
644
645
646
645
644
643
642
643
642
643
642
641
642
641
642
641
640
641
642
643
642
643
642
643
642
641
642
641
640
641
640
639
640
639
638
639
638
639
638
639
638
639
638
639
638
637
638
637
636
637
636
637
636
637
636
645
644
643
642
641
640
639
638
639
638
639
638
639
638
639
637
638
637
638
637
638
637
636
637
636
634
633
632
633
632
633
632
631
632
631
632
631
630
632
631
632
631
630
629
630
629
628
629
628
629
628
629
628
629
628
627
628
627
628
627
628
627
628
627
626
627
626
627
626
625
626
625
626
625
626
625
626
625
624
625
624
625
624
625
624
625
624
625
624
625
624
622
624
622
624
622
624
622
624
622
626
627
628
627
626
627
626
627
626
627
626
627
626
